21.7431
25.9494
29.6329
30.7076
30.0246
32.9062
32.3798
30.7674
32.6942
32.6901
32.6687
32.6899
32.5085
32.8208
33.2217
33.2589
33.2429
33.2573
33.227
33.2968
33.2958
33.0834
32.7144
32.7648
33.0625
33.2398
33.2578
33.257
33.3146
33.1885
33.2592
32.8334
33.1914
33.0437
33.2027
33.286
33.2089
33.2241
33.2339
33.197
32.7715
32.906
32.7857
32.0157
32.1626
32.3
32.2722
32.2403
32.2831
32.3271
32.8756
32.9181
32.5519
32.6011
32.4712
32.6705
32.4833
32.6795
32.381
32.4773
32.6403
32.6668
32.4679
32.8538
32.5061
32.4774
32.6838
32.7578
32.5698
32.7612
32.6881
32.259
32.7984
32.5465
32.6032
32.4896
32.493
32.706
32.3441
32.7538
32.5591
32.7308
32.5405
32.1121
32.3554
32.5056
32.5276
32.4236
32.395
32.4571
32.7009
32.8444
32.5486
32.2907
32.8979
32.395
32.6355
32.4003
32.8274
32.4314
32.8266
33.0296
32.7252
32.8693
32.7026
32.6441
32.6892
32.6319
32.858
32.8402
32.7081
32.9317
32.3988
32.6246
32.9051
32.6856
32.7012
32.8873
32.3725
32.4378
32.7318
32.8102
32.5758
32.753
32.6036
32.5898
32.6022
32.6433
32.525
32.8021
32.9634
32.6725
32.7483
32.7312
32.6024
32.6197
32.3878
32.3488
32.6576
32.6275
32.6004
32.4376
32.7377
32.4857
32.7441
32.7517
32.604
32.5784
32.5968
32.2889
32.6446
32.6467
32.8084
32.5088
32.5363
32.6318
32.9914
33.2274
32.7794
33.0962
33.0319
33.0162
32.5971
32.6531
32.9215
32.0777
32.2825
32.3726
32.665
32.6683
32.8441
32.7128
32.3906
32.422
32.5502
32.6945
32.4982
32.6874
32.5587
32.4587
32.6916
32.5598
32.6372
32.81
32.7465
32.7469
32.9299
32.6546
32.6328
32.7782
32.4872
32.4557
32.5462
32.4251
32.5135
32.5978
32.4954
32.5181
32.6996
32.4732
32.6731
32.5582
32.6309
32.3905
32.6172
32.6376
32.4879
32.4989
32.5239
32.6885
32.5477
32.3849
32.6149
32.4556
32.3383
32.2031
32.783
32.651
32.6153
32.6895
32.6856
32.6256
32.6278
32.554
32.6351
32.6446
32.4876
32.5094
32.6545
32.6246
32.4968
32.5058
32.5252
32.4848
32.4201
32.6002
32.7489
32.7094
32.5996
32.4954
32.6675
32.6006
32.5655
32.714
32.798
32.7231
32.4822
32.6875
32.8765
32.5848
32.4733
32.5392
32.6094
32.5606
32.4864
32.6282
32.6391
32.6203
32.7848
33.3414
32.3259
32.4055
32.394
32.4175
32.6374
32.9145
33.0111
32.4166
32.3196
32.3602
32.5967
32.4213
32.8409
32.3395
32.2549
32.6237
32.4645
32.574
32.5139
32.5853
32.4539
32.5604
32.7721
32.6615
32.8359
32.7397
32.6371
32.349
32.4569
32.7059
32.8054
32.8713
32.583
32.4959
32.5054
32.557
32.6536
32.862
32.7238
32.5873
32.7127
32.7127
32.6506
32.7694
32.753
32.6117
32.4667
32.5873
32.8228
32.6656
33.0697
32.7444
32.8036
32.5166
32.6136
32.8229
32.755
32.5818
32.7152
32.7819
32.7645
32.5233
32.4751
32.5847
32.5305
32.802
32.6788
32.7347
32.4259
32.5845
32.3274
32.5707
32.5869
33.0562
33.0161
32.5407
32.6257
32.8917
32.7263
32.8554
33.1529
32.7958
33.122
32.8974
32.7827
32.8473
32.7527
32.4152
32.2954
32.5621
32.6901
32.7642
32.9324
32.6643
32.5153
31.4405
31.3141
32.5645
32.9317
32.3172
32.5018
32.7317
32.3037
32.7287
32.3958
32.6742
32.4847
32.7274
32.8476
32.886
32.8144
32.5199
32.6454
32.6412
32.4725
32.4476
32.6553
32.4966
32.7361
32.681
32.6061
32.7605
32.4561
32.6155
32.5266
32.828
32.7538
32.7441
32.5038
32.9373
32.7083
32.5582
32.2488
32.9423
33.1105
32.7737
32.5133
32.7676
32.6749
32.8685
32.856
32.7663
32.9727
33.2237
32.752
33.3483
33.0638
33.6672
33.5518
33.5977
33.4001
32.9417
32.9117
32.6834
32.8623
32.7175
32.6988
32.8007
33.0621
32.7471
32.6854
32.5772
32.5174
32.9087
32.7462
32.9767
33.2537
33.2436
32.8412
32.931
33.0008
33.0564
33.0232
33.542
33.5381
33.5412
33.0418
33.6327
33.2027
33.5893
33.3115
32.9182
32.8522
32.5079
32.7672
32.5373
32.7646
32.9003
32.7477
32.9516
32.7702
32.6641
32.5645
33.4339
33.0425
33.111
33.5685
33.6064
33.5034
32.8201
32.6649
30.5874
32.7823
33.7064
33.7284
33.0106
33.2191
33.1668
33.0298
33.248
33.1931
33.2138
33.1578
33.1755
33.2071
32.8817
33.1172
32.3154
32.5323
32.4311
32.4288
32.5321
32.5888
32.5012
32.6977
32.2929
32.3958
32.5971
32.7139
32.8754
32.5591
32.3652
32.4021
32.5117
32.6746
32.63
32.1457
32.7461
32.727
32.4865
32.5386
32.7776
32.4067
32.8634
32.6575
32.4595
32.5365
32.6353
32.4554
32.735
32.3703
32.3769
32.5948
32.599
32.2454
32.6523
32.6212
32.3581
32.4532
32.7119
32.5536
32.8395
32.7867
32.7734
32.6047
32.6384
32.5413
32.5988
32.64
32.6159
32.6526
32.8883
32.675
32.7275
32.7795
32.8569
32.575
32.5209
32.3482
32.5642
32.5973
32.6122
32.8936
32.4562
32.5765
32.6869
32.6821
32.5207
32.5638
32.4344
32.3777
32.6428
32.8249
32.7151
32.5927
32.7635
32.5399
32.681
32.7877
32.7977
32.5468
32.174
32.5933
32.7278
32.6448
32.5661
32.3942
32.7866
32.6679
32.6435
32.5665
32.5734
32.5686
32.6836
32.472
32.604
32.63
32.5625
32.6262
32.4826
32.5265
32.5708
32.7763
32.614
32.9194
32.5506
32.3755
32.3753
32.7259
32.7247
32.6099
32.9698
32.8117
32.456
32.4752
32.606
32.8924
32.5863
32.4967
32.6013
32.6378
32.7161
32.1091
32.5629
32.2533
32.1556
32.7449
32.5614
32.6423
32.6171
32.3342
32.4465
32.4189
32.6221
32.7176
32.7358
32.5395
32.7213
32.7662
32.5184
32.3422
32.428
32.6086
32.1948
